Owing to the calculation of Particle tracking is in a plane coordinate( x,y, unites: meter),
 we draw the degree,hydrodynamic province, LRV and ERV in this plane coordinate.
Noting that there are corresponding longtitude and latitude for x and y:  
  x[66800,143400,240000,326600,413200] correspond to longtitude[118°„E, 119°„E, 120°„E, 121°„E, 122°„E];
  y[4100750,4211800,4322850,4433900,4544950] correspond to latitude [37°„N, 38°„N, 39°„N, 40°„N, 41°„N].
The shoreline (unites: meter) of the Bohai Sea is shown as follows.
Total number: 2318   
    x          y
336436.4017	4289029.863
336482.3832	4291249.475
336504.3744	4292359.531
335658.7128	4293487.079
334813.0513	4294615.128
334835.0425	4295724.684
335726.6856	4296816.247
336596.3376	4296798.754
336618.3288	4297908.31
336642.3192	4299018.366
335772.6672	4299035.859
335796.6576	4300145.915
335818.6489	4301255.471
335842.6392	4302365.527
335864.6304	4303475.582
335910.612	4305695.194
336802.2553	4306786.757
335956.5936	4307914.806
334223.2872	4307950.792
333377.6256	4309078.84
333401.616	4310188.396
333425.6064	4311298.452
334339.2409	4313500.071
335204.8944	4313481.579
336072.5472	4313463.586
336938.2008	4313445.593
336962.1912	4314555.649
337827.8448	4314537.656
338695.4976	4314520.163
338717.4888	4315629.719
339585.1416	4315612.226
340450.7952	4315594.733
340428.8041	4314484.677
341316.4489	4315577.24
342184.1016	4315559.746
343027.764	4314432.697
343873.4256	4313305.648
344739.0792	4313288.655
345606.732	4313271.662
345628.7232	4314381.718
346516.368	4315474.281
347382.0217	4315457.787
348249.6744	4315440.794
349115.3281	4315424.3
349137.3192	4316534.356
350890.6176	4317610.925
351756.2712	4317594.932
352623.924	4317578.438
353489.5777	4317562.445
354375.2232	4318656.007
353529.5616	4319782.056
353551.5528	4320892.112
353571.5448	4322001.668
354437.1984	4321985.675
355322.844	4323079.737
355344.8352	4324189.293
356208.4896	4324173.299
357094.1352	4325267.361
357116.1264	4326377.417
357979.7808	4326361.923
358865.4264	4327455.985
360596.7336	4327424.998
361460.388	4327410.004
361422.4032	4325190.392
362268.0648	4324065.342
362248.0728	4322955.286
363095.7336	4321830.736
363961.3872	4321815.742
364845.0336	4322910.304
365710.6872	4322895.81
369173.3016	4322837.333
370056.948	4323932.895
371806.248	4325014.462
373555.548	4326096.029
376150.5096	4326055.046
377034.156	4327151.107
379629.1176	4327111.123
380526.7584	4329317.24
382258.0656	4329291.25
384869.0208	4330362.821
385748.6688	4331459.882
385764.6624	4332569.439
385780.656	4333679.494
384932.9952	4334802.045
384069.3408	4334814.54
382356.0264	4335950.086
381510.3648	4337073.136
380662.7041	4338195.687
378071.7408	4338235.671
378087.7344	4339345.727
377242.0728	4340468.778
377260.0656	4341578.834
377276.0592	4342688.389
378139.7136	4342674.895
378157.7064	4343784.951
378191.6928	4346004.562
379055.3472	4345991.068
380780.6568	4345964.578
379934.9952	4347087.629
379089.3336	4348210.68
377364.024	4348237.669
377380.0176	4349347.225
378261.6648	4350443.786
379123.32	4350430.291
379984.9752	4350416.797
380864.6232	4351513.858
381728.2776	4351500.363
382573.9392	4350377.812
384299.2488	4350351.823
385176.8976	4351448.884
386040.552	4351436.389
386918.2008	4352533.95
388643.5104	4352508.959
389521.1592	4353606.52
390398.808	4354704.081
389553.1464	4355826.132
388721.4792	4358058.239
389599.128	4359155.8
389615.1216	4360265.356
387891.8112	4360290.346
385290.852	4359217.775
383569.5408	4359243.265
380138.9136	4360405.8
376694.292	4360459.278
374109.3264	4360500.762
371524.3608	4360542.745
370682.6976	4361667.295
369839.0352	4362791.345
368997.372	4363915.395
365552.7504	4363974.372
363791.4552	4361784.748
363771.4632	4360674.692
361188.4968	4360720.174
359465.1864	4360751.162
357761.868	4361892.206
355178.9017	4361940.186
355198.8937	4363049.742
356080.5408	4364143.805
353497.5744	4364192.285
351732.2809	4362005.161
350010.9696	4362038.147
349169.3064	4363164.697
348309.6505	4363181.19
348331.6416	4364291.246
349213.2888	4365384.308
349235.28	4366494.364
348395.616	4367620.913
348417.6073	4368730.969
349277.2633	4368713.976
350138.9184	4368697.483
350158.9104	4369807.039
351062.5488	4372010.657
352783.86	4371977.67
354545.1553	4374164.795
355426.8024	4375258.857
352825.8432	4374197.282
351986.1792	4375323.831
352008.1704	4376433.387
350288.8584	4376466.874
348569.5464	4376499.86
346872.2257	4377643.903
346034.5608	4378770.952
346056.552	4379880.508
346938.1993	4380973.57
347817.8472	4382066.633
348699.4945	4383159.696
349579.1424	4384252.758
351318.4464	4385329.327
352178.1024	4385312.834
353057.7504	4386406.396
353099.7336	4388626.508
353937.3984	4387499.958
354795.0553	4387483.965
355654.7112	4387467.971
356512.368	4387451.978
358249.6728	4388530.046
359109.3288	4388514.052
360824.6424	4388483.065
362541.9552	4388452.077
363419.604	4389547.139
366014.5656	4390611.713
366032.5584	4391721.769
366052.5504	4392831.325
367787.856	4393911.892
368645.5128	4393897.398
370360.8264	4393867.91
371236.476	4394963.471
371256.468	4396073.527
370434.7968	4398307.633
370454.7888	4399417.689
369615.1248	4400542.239
367921.8025	4401681.283
367084.1376	4402805.833
367102.1304	4403915.889
368835.4368	4404996.457
368853.4296	4406106.512
368873.4216	4407216.068
368891.4145	4408326.124
368053.7497	4409450.674
368073.7416	4410560.73
368929.3992	4410546.236
369805.0488	4411641.298
371534.3568	4412722.365
371552.3496	4413832.421
372408.0072	4413817.926
373281.6576	4414913.988
373301.6496	4416023.544
374175.3	4417119.605
375028.9584	4417105.611
375884.616	4417091.616
377595.9312	4417064.127
379305.2472	4417036.638
381014.5633	4417010.149
381888.2136	4418106.71
381922.2	4420326.822
381940.1929	4421436.378
383647.5096	4421410.388
384503.1672	4421397.393
386228.4768	4422481.459
388793.4504	4422443.974
389631.1152	4421321.423
390484.7736	4421309.428
391324.4376	4420186.877
392180.0952	4420174.882
393033.7536	4420162.887
394759.0632	4421248.952
394773.0576	4422359.008
396482.3736	4422335.518
395642.7096	4423457.069
395658.7032	4424567.125
396512.3616	4424555.629
397382.0136	4425654.19
398251.6656	4426752.75
399105.324	4426741.255
399958.9824	4426729.759
400828.6344	4427828.819
401696.2872	4428927.38
401710.2816	4430037.435
400870.6176	4431158.487
400016.9592	4431169.483
399179.2944	4432291.034
399193.2888	4433400.59
400046.9472	4433389.594
401752.2648	4433367.103
403459.5816	4433345.612
404327.2344	4434444.672
405192.888	4435543.732
406914.1992	4436632.796
407779.8528	4437732.356
407805.8424	4439952.468
409525.1544	4441041.532
409539.1488	4442151.588
410402.8032	4443251.648
411256.4616	4443241.652
412959.78	4443221.66
413811.4392	4443212.163
414689.088	4445422.279
414715.0776	4447642.391
414727.0728	4448751.947
413875.4136	4448761.943
413035.7496	4449881.495
413049.744	4450991.55
413899.404	4450981.554
414751.0632	4450972.058
417306.0408	4450943.57
418155.7008	4450934.573
418167.696	4452044.629
419019.3552	4452035.133
419883.0096	4453136.192
420732.6696	4453127.196
421596.324	4454228.255
422457.9792	4455329.315
423319.6344	4456430.874
422469.9744	4456439.37
422491.9656	4458659.482
422503.9608	4459769.538
422515.956	4460879.594
421676.292	4461998.146
421688.2872	4463108.202
423399.6024	4464200.765
424249.2624	4464192.268
425958.5784	4465285.331
426820.2336	4466386.89
427679.8896	4467488.449
429389.2056	4468582.511
430238.8656	4468574.514
431108.5176	4470786.629
431966.1744	4471889.188
431976.1704	4472999.244
431986.1664	4474108.8
432006.1584	4476328.911
432018.1536	4477438.967
432865.8144	4477431.47
433713.4752	4477423.973
434561.136	4477416.476
436276.4496	4479621.594
437134.1064	4480724.652
437991.7632	4481827.711
437999.76	4482937.767
438019.752	4485157.878
436342.4232	4487391.984
435504.7584	4488509.037
434669.0928	4489626.59
433841.424	4491854.199
432158.0976	4492979.248
429629.1096	4494112.795
427947.7824	4495238.844
426276.4512	4497475.449
426288.4464	4498585.505
426298.4424	4499695.561
427156.0992	4500797.62
427166.0952	4501907.176
428043.744	4505229.347
424663.0968	4505262.833
422983.7688	4506390.382
421306.44	4507517.931
419641.1064	4509756.035
415442.7864	4512023.128
412078.1328	4513172.668
407885.8104	4515443.759
406212.48	4516575.306
404553.144	4518816.91
401266.4592	4525521.727
399597.1272	4526654.273
397068.1392	4526689.259
395352.8256	4524492.638
393649.5072	4523406.573
391932.1944	4521210.952
390244.8696	4521235.942
387731.8752	4522383.982
384393.2113	4524656.073
381022.5601	4524709.552
378473.58	4523640.48
376770.2616	4522558.413
370866.624	4522658.873
369181.2984	4522688.861
365024.9616	4526094.998
363381.6192	4528346.097
362579.94	4530582.203
358389.6168	4531771.727
354179.3016	4531854.194
348283.6608	4531973.146
345710.6904	4529805.014
340606.7328	4527692.36
338921.4072	4527728.845
338079.744	4527747.338
338053.7544	4526637.282
338005.7736	4524416.671
337981.7832	4523306.615
337957.7928	4522196.559
337907.8129	4519975.948
337064.1504	4519994.441
336220.488	4520013.433
334559.1528	4521160.974
333739.4809	4522290.022
332054.1553	4522328.007
331234.4833	4523457.555
328679.5056	4522405.476
328653.5161	4521295.421
328629.5257	4520185.365
329447.1985	4519055.817
328577.5464	4517964.753
327733.884	4517984.745
326864.232	4516894.182
326812.2528	4514673.57
328473.5881	4513524.53
329319.2496	4513505.038
330162.912	4513485.546
331826.2464	4512337.005
332671.9081	4512317.513
333515.5705	4512298.52
333491.5801	4511188.465
332621.9281	4510097.401
331776.2665	4510116.394
330932.6041	4510135.886
330086.9424	4510154.878
329267.2704	4511284.426
327551.9568	4510213.355
326682.3049	4509122.792
325810.6536	4508032.728
324964.9921	4508052.72
322430.0064	4508112.696
321558.3553	4507022.632
318177.708	4507104.6
317334.0456	4507125.592
316488.384	4507146.083
316460.3953	4506036.028
316406.4168	4503815.916
315532.7665	4502726.352
314659.116	4501637.288
313785.4657	4500548.224
313757.4769	4499438.168
312883.8264	4498349.104
312038.1649	4498370.595
311164.5145	4497282.031
310288.8648	4496193.467
309415.2145	4495104.902
309385.2265	4493994.347
307663.9152	4492927.774
305064.9553	4490773.636
305036.9665	4489663.081
307577.9497	4489597.607
309245.2825	4488443.568
310938.6049	4488400.585
311786.2657	4488379.594
312661.9153	4489468.158
313535.5657	4490557.222
314383.2265	4490536.23
315202.8985	4489404.683
316050.5593	4489384.191
316022.5705	4488273.635
315968.5921	4486053.524
314245.2816	4484985.451
312549.96	4485027.935
311674.3104	4483938.87
310006.9776	4485091.909
309187.3057	4486223.457
308339.6449	4486245.448
304949.0016	4486332.913
302408.0185	4486399.387
301530.3697	4485311.822
300652.7209	4484224.257
298957.3993	4484269.739
297232.0897	4483205.166
296352.4417	4482118.101
296292.4657	4479897.989
296262.4777	4478787.933
294505.1809	4476613.804
294475.1929	4475503.748
295322.8537	4475480.257
295292.8657	4474370.201
296142.5257	4474347.21
295262.8777	4473260.145
295232.8897	4472150.09
294353.2417	4471063.025
292653.9217	4471109.506
291774.2737	4470022.941
290074.9537	4470070.423
289225.2937	4470093.913
289195.3057	4468983.857
288345.6457	4469007.848
287463.9985	4467921.783
287432.0113	4466811.727
288219.6961	4464567.125
289039.3681	4463433.079
289007.3809	4462323.023
288977.3929	4461212.967
288095.7457	4460126.902
287214.0985	4459040.337
284597.1457	4456892.696
283715.4985	4455807.131
282831.8521	4454721.066
281948.2057	4453635.5
280246.8865	4453684.981
277691.9089	4453759.451
275136.9313	4453835.421
274287.2713	4453860.411
273435.6121	4453885.901
270846.6481	4452852.815
269994.989	4452878.805
269077.3562	4450684.683
268189.7114	4449600.617
267338.0521	4449626.607
266486.393	4449652.597
260418.821	4446508.856
258713.5034	4446562.834
257825.8586	4445479.768
255232.8961	4444451.68
252639.9338	4443424.591
250934.6162	4443480.569
249191.3138	4442426.492
247485.9961	4442482.969
246632.3378	4442511.458
245742.6938	4441429.891
242294.0737	4440434.79
239697.113	4439412.2
237098.1529	4438390.11
236168.525	4436198.987
236944.2145	4433949.387
236906.2298	4432838.831
233491.5961	4432957.784
232635.9385	4432987.773
231782.2801	4433017.761
228327.6626	4432029.157
226618.3465	4432090.134
226580.3617	4430980.078
225684.7201	4429900.51
225644.7361	4428790.454
224791.0778	4428820.942
223081.7618	4428882.918
221372.4458	4428945.394
219623.1458	4427897.813
218769.4873	4427929.301
217871.8465	4426850.733
217018.1882	4426882.22
216162.5305	4426914.208
215308.8722	4426946.195
214453.2145	4426978.183
213557.573	4425899.615
211848.2569	4425964.09
210992.5994	4425996.577
210138.9409	4426029.064
209283.2834	4426061.552
208427.6258	4426094.039
206676.3265	4425049.457
205864.6513	4426192.5
204067.3705	4424038.363
203169.7297	4422961.294
202270.0897	4421884.226
202184.1241	4419664.114
202142.1409	4418553.558
202953.8161	4417410.016
202909.8337	4416299.96
202867.8505	4415189.404
202012.1929	4415222.891
201154.5361	4415256.378
200298.8785	4415289.865
199443.2209	4415323.352
198587.5633	4415356.839
196874.2489	4415424.812
195974.6089	4414348.244
195118.9513	4414382.23
193361.6545	4413340.648
193317.672	4412230.592
192416.0328	4411154.523
190656.7368	4410112.94
189755.0976	4409037.371
188041.7832	4409106.844
187997.8009	4407996.788
187094.1624	4406921.219
186192.5232	4405846.15
186100.56	4403625.538
185198.9208	4402550.469
185152.9392	4401440.413
184203.3192	4399254.788
183253.6992	4397069.663
182258.0976	4393773.982
181308.4776	4391588.857
180356.8583	4389404.231
179405.2391	4387219.106
178453.6199	4385034.481
178250.0744	4380364.67
178474.7929	4380399.454
178642.7845	4380255.27
179260.4106	4379284.945
179791.1695	4378406.837
180462.5599	4377400.97
181133.4948	4376398.814
181489.836	4375284.557
181845.2244	4374196.374
181950.7641	4372953.587
181749.9505	4371628.281
181048.954	4370641.831
180483.4975	4370131.499
180318.7826	4369365.159
179936.2082	4368704.549
179003.3731	4367184.4
178335.6111	4366319.453
177534.4349	4365646.021
177018.4378	4365399.885
174662.2018	4364705.412
173489.5293	4364505.913
173081.8491	4365088.108
172488.049	4365242.628
171990.509	4365258.157
171840.5325	4365417.591
171009.2345	4364995.296
171096.6479	4364478.396
170869.9703	4364360.281
170134.4986	4363741.101
169526.5169	4363164.461
169490.1945	4363077.807
169217.5301	4362789.223
169248.2901	4362626.27
169214.5624	4362629.943
168387.2138	4361606.806
167480.9913	4360532.241
166602.4521	4359314.662
166160.8002	4358714.299
165756.3201	4358099.958
165758.2172	4358030.704
165818.0356	4358032.084
165724.0984	4357898.431
165863.2052	4357622.666
165601.1038	4357105.063
165489.9619	4357035.52
165081.506	4357412.986
164411.6737	4356799.775
163877.1432	4356229.171
163571.806	4355709.586
162925.5011	4354949.39
161895.9428	4353703.892
162187.1951	4353149.43
157308.6291	4349826.905
157295.119	4349830.979
157707.9462	4348755.797
157785.5836	4348333.882
157043.4944	4348004.611
157252.6246	4346749.655
157858.8342	4346043.363
157788.6935	4345586.527
157314.4192	4345593.211
156855.3348	4345588.297
156505.6937	4345985.355
153393.5062	4345149.781
153074.2275	4346049.057
148524.9515	4341316.622
147681.5295	4340613.186
147431.8915	4340418.763
146865.8627	4340106.191
146149.7068	4339898.34
145434.871	4339825.458
144753.5202	4339720.697
144289.9467	4339785.404
144062.3573	4339868.141
144049.8704	4339868.792
143864.2122	4339993.517
143846.1956	4340029.167
143871.6349	4340202.422
143875.181	4340229.706
144493.7673	4342144.063
145777.793	4343118.794
148903.0051	4345263.104
149540.6167	4345657.308
149887.019	4345877.585
150143.6033	4346072.946
150210.2371	4346129.622
150064.179	4346137.71
149760.7605	4346093.854
149454.6173	4346018.327
149054.0943	4345954.777
148222.6457	4345637.817
147054.443	4345213.872
144643.9005	4344274.109
143159.1772	4343619.127
142785.7704	4344260.788
140970.0541	4344475.377
139217.6925	4343971.787
137379.2039	4342405.636
137224.8782	4342423.253
131838.0043	4342184.473
130062.2399	4341784.757
128783.3365	4341887.696
128085.6675	4342181.972
127777.4125	4344037.28
122376.7442	4345391.652
121386.3755	4345274.727
119067.9097	4343915.414
117125.0427	4343722.85
115239.6334	4344261.36
114299.6778	4345408.477
114097.2667	4344389.27
117326.1807	4340232.367
116777.2186	4339186.725
113828.4064	4340836.198
113378.4971	4340029.728
114660.3648	4339273.755
113906.844	4337893.892
110879.7152	4339543.752
110393.5447	4338758.176
111796.8376	4337954.682
110995.7854	4336600.314
108879.2717	4338001.117
108125.6911	4337484.23
109957.6423	4336205.28
111025.8808	4334426.009
111689.2435	4333682.145
112332.4116	4332922.162
112910.7082	4332110.401
113489.0047	4331298.639
114067.3013	4330486.878
114645.5979	4329675.116
115223.8944	4328863.355
115802.191	4328051.593
116380.4875	4327239.832
117495.8008	4328005.343
118665.8193	4328808.402
119790	4329580
121154.4348	4330952.532
122262.4729	4332067.146
123160	4332970
122370	4334750
123720	4335500
124196.8905	4334341.837
124770	4332950
123819.9581	4331793.427
122880.0762	4330649.223
121874.4699	4329425.007
120934.588	4328280.803
120177.3397	4327358.935
119454.425	4326478.865
118620	4325740
117670	4324890
116680	4323990
115870	4323330
115013.7491	4322686.546
114199.315	4322112.02
113384.8809	4321537.493
112570.4468	4320962.967
111756.0127	4320388.44
110941.5786	4319813.914
110127.1445	4319239.387
109331.6403	4319780.876
108537.1594	4320382.693
108060.8343	4321067.706
106080.0049	4322525.02
105013.41	4322409.863
104238.5975	4324222.28
102814.2122	4324429.13
98909.5567	4326617.226
99152.832	4331346.967
98498.8983	4333592.626
98316.0235	4334110.796
98060.4497	4333991.665
98243.7729	4333533.916
97917.245	4333326.118
98004.131	4333088.197
96232.884	4331618.981
93233.3318	4332707.546
91622.2662	4333374.524
91412.0002	4333393.303
88580.9908	4333646.134
86914.5241	4335105.747
85318.3513	4336503.791
83772.9039	4339005.067
82928.8923	4340371.082
81582.3777	4343951.88
80253.2632	4347884.026
78025.8391	4350340.733
75316.3241	4352589.108
71484.6981	4353607.174
68232.2367	4354479.028
64685.1191	4354193.993
63539.7122	4353839.541
63942.0519	4351654.148
63990.8888	4351061.227
62092.9619	4351040.014
61272.8389	4353561.781
60706.5314	4353398.776
56859.8815	4352291.564
57048.2215	4351816.362
57560.5898	4350523.603
57808.6274	4349959.826
55816.3903	4348880.484
54614.6516	4350910.3
52694.5093	4349522.558
52273.9606	4349218.616
52198.8043	4348966.617
51892.2264	4347938.664
50806.4605	4347600.132
50135.385	4347634.274
49094.5944	4346379.016
49920.3875	4345685.147
49439.3385	4345001.689
49441.844	4344998.562
48692.1351	4344034.865
52651.3057	4341286.775
51441.166	4339264.516
49196.754	4340346.676
45799.5143	4341911.657
44990.3212	4340600.056
45390.4764	4340460.929
50220.1413	4337955.84
51852.8463	4328277.324
50876.0997	4328556.228
50862.3185	4328509.475
50237.2238	4328676.481
50249.259	4328714.862
50111.4736	4328752.403
49957.9526	4328581.816
49537.9706	4328967.277
49511.6084	4328942.571
49358.2082	4329085.182
49385.953	4329120.899
49224.6835	4329263.617
49187.5757	4329224.326
49123.1157	4329272.863
49165.0832	4329323.2
49064.1335	4329415.371
49026.1589	4329375.77
48944.5931	4329449.188
48903.5624	4329414.67
48851.0682	4329457.853
48898.899	4329502.855
48909.2449	4329492.978
48940.3239	4329532.224
48783.3123	4329682.599
48528.0168	4330105.005
47509.9969	4336608.737
46688.68	4336957.257
46517.8193	4336585.268
47545.705	4329918.307
47569.2865	4329772.05
48399.3508	4328975.402
48391.9003	4328793.738
48226.3323	4328464.043
46381.955	4329267.153
46393.3927	4328842.37
46052.8153	4328971.632
46044.7807	4329462.948
45708.82	4329681.952
45679.2453	4329114.474
45352.0247	4329287.778
45377.3905	4329778.169
45105.7322	4329936.545
44912.6783	4329467.538
44706.9282	4329600.592
44841.9013	4330040.102
44525.3427	4330201.567
44336.5596	4329809.852
42373.1974	4330826.469
42074.472	4330473.892
42575.2539	4330128.143
43508.2616	4329628.333
45576.908	4328629.713
49703.3744	4327358.928
49978.4223	4327274.225
49954.3348	4326996.69
49939.9938	4326831.455
49985.2263	4326819.37
53079.2548	4325992.69
53143.6669	4325704.685
54898.6264	4325249.667
55202.8663	4325297.104
56494.6994	4324787.086
55972.5259	4322860.916
45007.6529	4327105.361
43733.1331	4327598.721
42850.3939	4328070.291
42341.6133	4328032.59
42714.8831	4327332.388
42856.7115	4327229.873
43858.0937	4326506.064
46532.9666	4325267.753
45917.6748	4323670.767
47138.4009	4323180.617
47759.899	4324647.971
51024.7255	4323284.737
49219.0568	4321114.754
48088.1627	4321480.498
47522.8962	4320411.945
45655.0277	4321193.828
43999.7748	4321964.766
43575.1609	4320688.09
41566.1399	4321340.741
41186.0125	4320555.137
39048.7662	4320367.021
38548.199	4319820.516
39661.0225	4319390.536
38923.2842	4318741.993
37260.0349	4316854.866
39843.5216	4314372.63
39076.5543	4313405.062
36539.0043	4314515.282
34389.3555	4315675.447
32786.671	4312510.263
30936.4083	4312149.864
30782.8797	4312119.959
29685.1598	4309643.727
28980.2698	4308024.379
28962.6624	4307983.93
28914.8495	4307874.089
28828.4448	4307660.497
29785.9204	4307442.258
29820.1699	4307434.452
29817.9817	4307085.566
29764.7472	4307085.682
28862.412	4307087.656
27817.6828	4306903.923
27590.3455	4306820.584
27622.4747	4306517.487
28118.5774	4306253.708
28543.0586	4306154.52
29078.256	4306029.462
28982.1493	4305098.545
28775.5135	4305124.089
28317.6331	4305180.69
28212.8922	4304684.431
28042.7465	4303878.285
27504.4174	4301183.549
27389.1968	4300597.902
28652.1793	4300405.549
28525.7581	4298785.215
28213.5712	4298868.002
27039.8685	4299179.252
26776.9457	4298199.828
27186.9936	4297924.991
27248.3953	4296654.006
27342.4385	4295689.934
27376.5668	4295340.073
27458.5152	4293327.326
27508.9341	4290655.898
27688.8722	4289628.835
27933.6658	4289509.03
28521.0278	4287693.176
28978.1131	4285410.49
29575.1337	4283171.521
30260.4582	4281105.261
30851.7003	4279452.403
31225.2232	4278125.538
31708.6805	4276973.274
31621.5928	4276156.061
31554.7379	4275528.708
31917.0117	4275252.21
32371.1511	4274905.598
33586.1891	4272756.781
34384.9069	4270761.563
35444.7943	4268172.946
36253.0353	4266362.086
37233.2581	4264045.699
38719.2446	4261724.031
39796.3484	4259978.652
41396.5704	4257836.83
43068.1854	4255797.038
44870.6827	4253724.035
45571.2492	4252911.48
48205.6041	4254650.608
51841.5499	4257289.074
53564.2251	4256892.865
55744.0623	4257996.038
55996.9772	4259015.218
59389.0376	4260938.713
62493.9803	4262091.67
64915.878	4263032.468
65429.2752	4262322.634
61493.8821	4259911.647
58724.5726	4258193.767
57263.1771	4257403.286
56176.1002	4257392.579
54942.8035	4256490.417
54075.7646	4255885.661
54002.7239	4255439.908
53534.5037	4255114.284
53100.0203	4255119.91
52508.1187	4254667.367
52365.7627	4253953.758
51528.8484	4253280.921
50615.861	4252582.58
49040.3933	4251377.512
48460.9654	4250646.235
48766.1224	4250487.367
49184.7849	4250269.408
49050.6378	4249791.128
49032.1604	4249777.958
48495.0515	4249395.112
48935.4897	4248960.18
49531.6009	4249426.82
49798.9242	4249487.023
50327.7954	4249606.13
51215.2223	4248949.635
51273.476	4248906.54
51794.7263	4248554.615
52577.7944	4248025.921
56467.0146	4245949.808
58275.18	4244224.263
58276.3582	4244105.797
58281.647	4243574
58284.4467	4243292.475
59282.7957	4242310.031
60710.3646	4240854.221
61709.5756	4241564.802
62435.5495	4241350.541
65274.2255	4239580.407
66322.4111	4238402.331
66509.5622	4236747.882
64923.9012	4233955.521
65587.7048	4233442.696
67736.3268	4236206.232
75622.9156	4234468.378
82405.7652	4232950.656
88768.8395	4231582.467
94879.4241	4230595.549
98275.8272	4229850.454
100302.386	4229405.872
104900.1225	4227823.089
105497.5581	4227617.42
107276.6676	4225521.311
110410.2839	4224816.21
110850.7252	4225142.499
112208.2613	4226148.195
112747.8313	4226656.457
114158.0677	4227984.863
114862.7163	4229608.969
114973.4515	4229667.431
117243.7715	4230866.043
120123.038	4231366.163
123263.7338	4231993.888
125634.9718	4229302.875
128371.9012	4229193.433
129047.1764	4231677.032
129994.8152	4232528.925
130228.6923	4232739.172
130230.2925	4232738.079
131141.2796	4232116.038
135641.1499	4231946.85
137403.1747	4230067.024
139476.4085	4230689.364
141901.5114	4228654.357
144593.7929	4226453.652
144610.3912	4226949.978
145584.7722	4226272.023
146414.4402	4225123.482
147244.1082	4223974.941
146318.4786	4222902.871
145752.3725	4221164.107
146009.8077	4220493.276
146205.3629	4220104.778
146205.8713	4220037.435
146126.2787	4219963.554
146003.1588	4219916.824
145924.4401	4219905.667
145898.3352	4219922.602
145974.2836	4219861.885
146030.2102	4219842.653
146077.5173	4219789.078
146137.1568	4219743.87
146190.5299	4219692.147
146249.3283	4219661.998
146311.6749	4219703.469
146369.524	4219669.69
146399.5203	4219643.018
146455.984	4219548.879
146503.0038	4219476.403
146536.3784	4219381.485
146577.8112	4219277.539
146636.1917	4219144.261
146694.6682	4219000.964
146759.2469	4218882.664
146729.9079	4218792.579
146758.8862	4218667.142
146837.0646	4218675.773
146872.2956	4218599.137
146919.34	4218526.997
146952.6792	4218457.454
146978.9856	4218373.862
146981.3734	4218296.868
146923.1178	4218199.578
146715.705	4218127.555
146563.1005	4218101.675
146376.5383	4217412.408
146292.4435	4217340.722
146253.0464	4217266.541
146238.071	4217215.56
146212.0077	4217176.854
146221.1856	4217124.602
146194.1097	4217080.821
146170.6506	4216994.6
146168.1564	4216884.324
146181.9695	4216668.965
146194.0796	4216546.261
146192.4216	4216402.456
146217.2672	4216177.495
146309.7812	4215919.112
146329.8291	4215812.867
146352.4413	4215737.334
146389.7284	4215640.801
146425.9196	4215449.846
146439.0705	4215308.292
146358.2354	4215218.77
146479.9062	4215008.979
146544.0154	4214874.9
146629.4658	4214702.844
146696.1631	4214555.191
146853.5643	4214289.45
146914.4369	4214165.753
146989.566	4214047.894
147068.2151	4213901.398
147127.6128	4213773.983
147235.6461	4213608.305
147330.1753	4213425.52
147440.1617	4213247.744
147565.3069	4213017.019
147599.6031	4212954.562
147648.4126	4212865.109
147690.9114	4212806.973
148005.6509	4211665.234
148110.7643	4211346.703
148323.6438	4210567.888
148371.9868	4210366.636
148409.2809	4210246.419
148453.2153	4210057.264
148506.4354	4209862.703
148545.6057	4209704.018
148577.2412	4209630.334
148842.9842	4209608.013
149123.9523	4209589.387
150761.7108	4209503.809
151031.5224	4209465.364
151127.7057	4209446.128
151141.5825	4209242.7
151366.1112	4209090.484
151596.4615	4208952.714
151935.1757	4208715.097
152359.9982	4208411.196
152840.3557	4208040.654
153049.9274	4207900.029
153437.3081	4207625.708
153574.7641	4207523.424
153613.66	4207488.844
153606.3239	4207269.748
153585.5577	4207016.508
154044.8702	4206766.214
154185.8748	4206693.165
154213.8476	4206604.311
154526.6932	4206443.125
154681.4689	4206370.395
154734.6912	4206343.005
154774.8562	4206344.538
154792.3913	4206363.268
154942.3851	4206246.019
155104.6841	4206123.693
155242.7125	4205985.816
155384.1123	4205848.356
155502.4527	4205690.619
155627.4536	4205536.053
155750.992	4205369.646
155864.7239	4205263.399
155953.7255	4205145.398
155995.0432	4204995.914
156013.4269	4204854.402
156030.6853	4204616.812
156045.6708	4204486.681
156059.7435	4204143.754
156072.9466	4203792.632
156081.9015	4203546.046
156102.0298	4203067.802
156114.8906	4202895.261
156125.3605	4202642.604
156111.862	4202533.139
156175.0644	4202171.243
156178.1242	4201962.51
156190.9156	4201739.797
156243.7231	4201117
156255.2154	4200829.48
156285.5211	4200165.908
156319.5892	4199694.985
156326.5183	4199426.682
156337.6833	4198911.996
156361.4605	4198616.175
156380.755	4198423.899
156311.3167	4198137.1
156195.7086	4197874.931
156117.8892	4197725.216
155851.1557	4197444.462
155531.8918	4197114.964
155261.7691	4196838.484
155569.4096	4196774.729
155617.9963	4196931.786
155925.4855	4196946.596
156221.9477	4196953.091
156382.7469	4196867.703
156565.2494	4196788.531
156979.3317	4196448.81
157062.4823	4196043.936
157708.4362	4195316.77
158737.9204	4194711.901
159474.889	4194300.852
160763.2303	4194028.073
161808.6641	4193793.976
162317.9896	4193639.539
163720.9291	4193880.035
164143.1172	4194510.42
164893.9406	4194834.066
166077.4395	4194668.186
167310.9915	4194382.43
167555.4912	4193607.78
167691.2112	4192896.051
167380.6021	4192325.732
167109.7212	4191407.643
166691.9059	4190903.862
166378.7745	4190224.435
165686.6201	4189792.224
165263.2887	4189584.508
164807.9638	4189214.036
164711.3447	4189168.024
164455.1033	4189061.998
164253.582	4189070.216
164097.4065	4189060.125
163560.4886	4188916.526
163138.7707	4188867.474
162848.7829	4188664.982
162594.2015	4188527.348
162295.5692	4188424.79
162015.9288	4188387.096
161720.3617	4188333.713
161594.512	4188273.473
161452.6528	4188197.652
161342.5016	4188136.993
161111.941	4188146.368
160726.5546	4188267.033
160469.7541	4188211.873
160234.4329	4188221.469
160076.9032	4188254.226
159929.8493	4188273.314
159694.4407	4188282.93
159551.299	4187928.852
159704.4553	4187922.632
159895.9609	4187914.72
160145.395	4187966.496
160605.4672	4187947.631
160722.0657	4187948.054
160849.2325	4187889.863
161095.9225	4187834.429
161258.1476	4187782.477
161400.377	4187852.051
161421.3614	4187851.188
161534.3527	4187854.108
161680.3717	4187893.495
161727.5063	4187929.381
162016.0395	4187925.097
162189.8789	4187956.008
162254.1104	4187960.938
162367.5395	4187963.85
162565.8243	4188048.276
162828.4384	4188129.404
163075.5722	4188188.48
163150.4094	4188223.907
163203.2485	4188252.671
163449.3417	4188351.29
163815.1556	4188367.269
163972.8109	4188430.581
164226.9156	4188513.878
164328.8506	4188525.405
164514.7243	4188572.781
164609.7813	4188584.593
164697.7852	4188596.692
164801.2732	4188616.061
164987.4417	4188664.324
165235.7545	4188705.615
166277.631	4189003.809
167114.3033	4189251.69
167309.8554	4189583.165
167505.7727	4189915.295
167864.6769	4190241.626
168332.8636	4190564.12
168476.3754	4190900.716
168674.548	4191235.89
168745.5315	4191922.129
169065.7752	4192370.079
169502.4695	4192872.642
169909.6589	4193087.869
170570.131	4192597.2
171315.3031	4192393.186
172053.0167	4192132.035
172579.6007	4191477.154
172514.5017	4190449.431
172657.61	4189946.21
172667.1419	4189619.931
172626.572	4189272.509
172591.9204	4188976.24
172578.0258	4188655.788
172528.8604	4188436.399
172288.0682	4187981.378
172099.6936	4187769.98
171914.6812	4187583.366
171198.2064	4187225.975
170861.3012	4186903.294
170602.6878	4186650.794
170318.2002	4186590.765
169953.1227	4186415.179
169494.1391	4186457.496
169254.7219	4186372.224
168849.7998	4185986.383
168526.1909	4185716.863
168892.91	4185267.754
169307.8512	4185015.502
169549.5928	4184419.725
170062.2151	4183818.676
170485.8139	4183501.858
170513.2282	4183111.123
170678.11	4182739.703
171077.2419	4182248.27
171480.1004	4181827.011
171539.6299	4181757.458
171707.5474	4181460.358
171719.6251	4181370.784
171808.6293	4180791.194
172110.2477	4180515.04
172341.619	4180220.999
172492.33	4179822.722
172650.2228	4179491.456
172639.4766	4179405.459
172679.2383	4178845.416
172634.2572	4178314.982
172627.1989	4177913.847
172613.9437	4177809.153
172709.4317	4177532.643
172798.1852	4176936.295
172739.5567	4176293.064
172606.6778	4175769.005
172488.5165	4175357.813
172376.4108	4174992.541
172332.9984	4174820.972
172048.0136	4174659.647
171802.5676	4174454.162
171392.8456	4174341.743
170618.9346	4174308.464
170358.4855	4174340.308
169491.1115	4174460.908
168679.6834	4174840.641
166965.8776	4176211.256
165158.3743	4177285.525
163409.6697	4178368.856
162411.2295	4178696.829
160604.6499	4178985.686
159550.7577	4179065.445
157613.3024	4179518.008
156768.1695	4179633.308
154986.3373	4180280.635
153328.8976	4180510.171
152184.1723	4180546.313
151001.9773	4180482.841
150384.8187	4180121.109
149945.1612	4179646.859
149721.1174	4179109.629
149736.6185	4178807.902
149626.826	4178517.053
149451.0763	4178368.523
148997.4824	4178499.937
148766.425	4178633.815
148668.2504	4178103.38
148513.6473	4177774.837
148359.8309	4177469.182
148237.7478	4177422.976
148046.3708	4177253.44
147751.2421	4177038.595
147479.6471	4176950.707
147333.5617	4177034.713
147246.3595	4176968.784
147235.6742	4176735.032
147251.1628	4176554.903
146974.1628	4176239.504
146851.5777	4176091.085
146753.2416	4176011.283
146480.8022	4175720.625
146175.8652	4175487.664
145889.2589	4175255.485
145474.3398	4174967.618
145080.7541	4174602.303
144824.6101	4174248.457
144448.9437	4174005.011
144090.3845	4173606.405
143898.3066	4173171.714
143597.7395	4172890.018
143178.6112	4172176.602
142870.16	4171664.271
142853.6682	4171542.587
142745.8182	4171166.479
142581.5746	4170891.055
142541.6546	4170710.742
142493.1069	4170650.527
142481.1728	4170550.455
142380.5267	4170577.5
142385.3046	4170542.578
142414.554	4170494.136
142409.0893	4170422.938
142468.7553	4170400.222
142560.5826	4170367.773
142563.0196	4170093.947
142305.8806	4170095.479
142078.659	4169707.506
141860.6271	4169206.869
141772.1825	4168955.329
141598.1298	4168583.648
141459.4827	4168265.07
141354.8923	4168066.528
141274.9754	4167830.421
141106.6676	4167402.083
140921.2275	4167083.645
140723.8629	4166596.595
140506.9909	4166123.857
140322.5602	4165705.128
140155.6116	4165373.214
139979.3711	4164866.229
139700.2734	4164300.732
139339.0418	4163789.216
139021.5034	4163574.243
138698.4087	4163293.093
138251.3932	4163107.372
137935.2233	4162994.191
137502.8878	4162936.501
136966.8863	4162897.829
136509.4668	4162955.9
136253.661	4162987.468
136240.711	4162774.828
136473.7452	4162745.26
136515.9645	4162741.965
136738.0552	4162713.439
136875.7127	4162691.616
137088.6916	4162631.007
137424.7936	4162605.307
137435.3055	4162604.514
137508.7958	4162598.857
137561.8438	4162583.745
137667.842	4162553.303
137730.9091	4162548.437
137978.8322	4162341.892
138209.1097	4161913.133
138311.5233	4161494.847
138433.701	4160805.309
138581.5339	4160101.642
138765.4152	4159435.137
138911.9151	4159035.981
139334.7783	4158548.393
139674.4911	4158072.447
139741.1799	4157479.046
139660.0281	4156973.167
139479.4075	4156077.367
139321.283	4155261.152
139029.495	4154380.41
138595.9112	4153410.355
138243.0524	4152247.645
138068.1008	4151398.565
138068.9534	4151083.074
138298.5965	4150417.608
138480.0569	4149730.987
138756.2674	4148974.62
138863.145	4148359.567
138922.445	4147986.251
138707.7244	4147353.523
138496.574	4146932.944
138430.0401	4146688.363
138765.5507	4146453.633
139260.2015	4146093.539
139784.4156	4145892.874
140008.7841	4145336.208
139984.6486	4145040.054
140089.128	4144913.269
140290.2426	4144799.011
140900.5451	4144772.301
141049.1596	4144721.517
140903.8689	4144161.757
140878.0281	4144085.427
140622.1969	4143772.758
140185.6887	4143553.104
139733.4717	4143354.955
139369.9847	4143305.322
139069.1387	4143328.216
138663.8705	4143475.249
138330.5212	4143578.243
138020.989	4143757.218
137634.0539	4143922.761
137459.4549	4143567.261
137651.2837	4143320.598
137934.3695	4143318.229
138100.8304	4143266.843
138432.0536	4143145.241
138745.5201	4143044.225
139096.1846	4142940.503
139493.0765	4142948.629
139586.8391	4142941.468
139849.4475	4142921.467
140241.8289	4142872.409
140574.4764	4142789.333
140648.5606	4142343.088
140638.5183	4142229.362
140698.8928	4141753.222
140925.1302	4140674.472
141386.8734	4138991.047
141586.1069	4138700.347
142423.8788	4138934.981
143645.5181	4139118.288
144399.728	4139361.451
144371.5641	4138694.651
144325.9996	4137670.562
144283.5178	4136681.166
144268.3989	4135745.571
144229.0381	4135394.443
143940.3874	4135196.096
143386.4618	4134996.583
142968.7099	4135028.506
142493.6982	4134933.275
142320.1335	4134968.387
142304.8373	4134816.279
142574.7396	4134642.543
142905.9696	4134639.1
143191.0701	4134617.275
143717.4903	4134576.961
144012.144	4134641.872
144353.6477	4134922.536
144375.6239	4134920.825
144703.508	4135071.685
145118.4949	4134447.858
145227.0078	4133873.409
145444.078	4133661.737
146246.8784	4133730.39
146268.7688	4133728.688
147308.4143	4133736.16
147352.1949	4133732.76
148198.4538	4133776.74
148439.3432	4133758.287
148724.018	4133736.561
148630.7793	4132305.334
148713.4808	4131683.316
149057.1736	4131159.625
149236.6545	4131174.59
149100.0096	4130793.156
148847.3595	4130568.769
148908.684	4130289.19
149145.912	4130287.165
149309.327	4130598.283
149509.9106	4130745.538
149612.7153	4130851.714
149749.0717	4130532.41
149818.6853	4130397.452
150014.1304	4130253.24
150260.0121	4130153.767
150591.1403	4129935.387
151210.3477	4129775.797
151527.5764	4129607.43
151844.0341	4129615.321
152036.9545	4129825.248
152335.6539	4130141.15
152434.1657	4130344.206
152809.7593	4130771.739
152959.0784	4131154.247
153226.0545	4131580.169
153431.0741	4131697.399
153703.4585	4131527.404
153712.519	4131460.395
153931.0339	4131245.354
154281.4071	4131070.383
154872.2262	4130762.61
155285.6722	4130600.219
155299.628	4130582.737
155573.6266	4130333.43
155615.2493	4130281.441
155791.2822	4130154.19
155943.3838	4130093.889
155755.7958	4129349.828
155645.9254	4129230.08
156039.8477	4129088.339
156610.6336	4128853.615
156809.9187	4128806.642
157036.7721	4129316.738
157090.3393	4129360.823
157237.1469	4129623.353
157605.0417	4129177.292
157997.6437	4129035.366
158183.3645	4128893.427
158642.0832	4128828.263
159523.8832	4128248.85
160480.728	4128202.535
161018.3438	4127973.365
161265.4652	4127526.031
161149.6573	4126922.27
161056.1484	4126531.841
160343.6704	4126559.953
159488.6825	4126757.636
158883.7118	4126803.985
158642.2652	4126189.102
159264.0517	4126062.638
159370.6488	4125858.651
159163.8594	4125729.108
158859.0709	4125752.378
158659.8407	4125767.589
158464.4744	4125829.699
158313.9227	4125864.741
158048.7889	4125944.049
158038.3975	4125662.491
158081.4709	4125612.35
158139.9273	4125607.858
158667.6957	4125450.586
159183.5838	4125434.429
159230.3329	4125430.865
159312.1182	4125424.545
159440.5684	4125414.778
159311.2553	4125168.41
159304.0457	4124604.195
160290.3028	4124546.479
160285.8001	4123472.61
160177.6368	4123205.465
159915.7482	4123105.488
160014.5	4122688.269
160189.7281	4122200.557
160134.3009	4121952.304
160392.2729	4121848.674
161007.504	4121818.522
161329.0463	4121860.853
162037.7167	4122076.167
161856.0152	4121619.311
161769.9185	4121109.563
161730.9041	4120732.509
161516.8925	4120256.823
161144.7312	4119829.883
160961.3371	4119633.717
160818.7464	4119515.662
160970.3681	4119391.43
161296.5974	4119543.586
161314.4643	4119558.328
161622.4565	4119841.923
161812.531	4120087.44
162093.3962	4120556.666
162309.3863	4120869.667
162428.0565	4121042.759
162515.8163	4121235.445
162954.5105	4121135.442
163103.1646	4121124.039
163582.1505	4121087.524
163681.2817	4121079.891
164309.0129	4121032.024
164788.1751	4120995.461
164854.2926	4120990.38
165498.7948	4120941.157
165602.4417	4120966.512
166292.2158	4120997.187
166892.851	4120984.623
167008.758	4120975.809
167458.3089	4120958.254
167819.0728	4121014.185
168075.6626	4121044.766
169269.2609	4121015.786
169723.703	4120980.364
170261.4295	4120682.903
170261.2882	4119665.835
169622.6896	4118424.223
169089.594	4117560.307
168710.6287	4116752.523
168588.4954	4116638.434
168555.7782	4116517.603
168126.2573	4115966.293
167975.7732	4115885.914
167602.9615	4115089.265
166992.2591	4114074.573
166513.1651	4113629.159
167071.853	4113585.735
167583.9966	4114149.435
168034.078	4114477.929
168393.9634	4114692.878
168455.265	4114779.33
168825.8964	4115390.917
168828.9121	4115513.027
169542.1314	4116595.088
169835.0286	4117440.083
170368.9743	4117274.149
170736.1237	4116594.95
171402.8691	4116018.86
171682.3037	4115505.62
171895.8138	4114846.934
172029.9459	4114471.044
172028.7669	4114440.729
172157.9048	4113945.15
172294.75	4112909.008
172649.787	4112222.397
172760.7373	4112064.401
173016.6866	4111865.644
173042.1042	4111774.245
173682.7232	4111665.044
174130.7694	4112466.566
174353.0181	4112809.406
174968.8016	4113334.028
175304.9348	4113549.726
175422.7919	4113540.519
176002.1212	4113859.096
176491.1113	4114125.013
176616.0113	4114236.989
176967.3168	4114667.235
177057.9098	4114690.788
177553.5819	4115019.555
177885.4678	4115085.824
178108.8463	4115806.792
178973.7852	4115770.802
179122.5087	4115759.245
179241.5782	4115750.042
180083.4677	4115808.453
180232.3679	4115796.909
181411.9049	4115551.414
181501.233	4115544.591
182803.277	4115351.493
183785.1578	4115275.684
183904.1435	4115266.552
184201.6888	4115243.502
185754.682	4115185.356
185866.5991	4114776.217
186024.9358	4114549.045
186156.2796	4114354.904
186418.3082	4113967.545
186354.0175	4113606.224
186318.7219	4113548.049
186310.8989	4113153.272
186331.8598	4113060.648
186367.8991	4112815.351
186436.2575	4112598.32
186424.7609	4112478.326
186516.5805	4112199.713
186710.2554	4112667.977
187197.1003	4113085.116
187259.1509	4113110.725
187478.0386	4113215.36
187804.2095	4113494.713
187940.9772	4113667.112
187956.3808	4113818.651
188377.925	4115014.481
188477.1574	4115687.628
188837.7981	4115970.628
189565.3522	4116008.064
190337.0615	4116166.913
190463.6386	4116219.525
191434.4492	4115989.122
192157.5506	4115715.735
192827.3233	4115260.569
193390.8812	4114938.522
193463.9744	4113823.807
193415.2646	4113429.431
193340.3743	4112581.935
193321.8181	4112431.623
193376.7103	4111912.737
193928.7582	4112749.468
194305.3035	4113361.103
194805.235	4113751.702
194973.5489	4113892.261
195671.5977	4114856.771
195777.4583	4114972.58
196162.5751	4115595.976
196303.1298	4115741.114
196503.8814	4115881.863
197223.9019	4115826.835
198129.7428	4116227.267
198177.3738	4116349.19
198380.6446	4116710.91
199696.0802	4117242.48
202026.3192	4117171.515
203328.1171	4117071.205
204127.3425	4116900.687
205836.867	4116623.821
207332.6645	4116690.232
208599.6781	4117248.159
209012.4056	4117193.205
209020.3786	4116614.987
209043.4302	4116388.195
209034.0094	4116089.6
209606.2783	4116220.152
210356.8742	4116412.529
210832.3045	4116526.258
211390.4913	4116910.3
211464.7917	4117510.137
211896.3579	4117831.958
212384.5192	4118201.777
212881.2637	4118623.683
213387.7714	4118918.337
213585.0052	4119289.232
213684.0412	4120032.406
214107.2502	4120598.932
214525.4514	4120932.991
215022.1625	4121104.452
215762.266	4121391.097
215944.8137	4121616.136
216612.7609	4122181.508
217297.8142	4122451.678
217938.024	4122749.08
218702.1467	4123416.079
219356.1197	4123945.871
219437.1027	4124249.06
219363.373	4124509.175
219144.5733	4124679.214
218937.0314	4124797.529
218730.9555	4124932.919
218546.2509	4124947.107
218650.5618	4125144.469
218865.6818	4125093.584
219139.8791	4125123.873
219251.3084	4125218.186
219367.5845	4125518.861
219565.5992	4125624.179
219611.2863	4125413.686
219587.1856	4125346.798
219542.7	4125247.134
219489.243	4125062.515
219546.1379	4124801.519
219764.0905	4124784.576
220112.4587	4124877.003
220131.114	4124892.61
220490.9367	4125225.425
220534.3128	4125308.123
220738.4492	4125603.334
220809.9949	4125632.412
221137.9218	4125814.81
221479.3352	4126101.478
221877.1354	4126279.918
222185.2692	4126273.943
222377.6727	4126310.818
222457.1742	4126532.601
222418.3987	4126905.568
222380.8204	4127156.008
222796.2927	4127301.224
223088.2701	4127420.966
223435.2396	4127963.939
223694.8169	4128393.426
223814.6819	4128817.181
223925.2903	4129154.322
223925.6921	4129593.124
224534.6053	4129724.935
224646.737	4130147.506
224819.4809	4130655.117
224848.7393	4130932.249
224898.7612	4131243.933
224905.2466	4131631.071
224908.5172	4131825.472
224776.6497	4132048.207
224390.2398	4132149.266
224106.1526	4132242.196
223808.1887	4132372.051
223698.3375	4132666.105
223624.2964	4132976.654
223649.921	4133244.68
223756.7892	4133453.118
223888.385	4133732.99
223976.89	4133926.141
224232.6193	4133688.418
224582.0551	4133353.591
225065.5285	4133316.484
225311.101	4133333.66
225324.6078	4133786.255
225349.6294	4134021.291
225326.8188	4134462.963
225177.7452	4134879.879
225066.6459	4135165.732
224980.2268	4135175.572
224806.1501	4135144.056
224652.6082	4135099.865
224518.8515	4135165.952
224394.6534	4135220.278
224273.349	4135173.699
224196.3514	4135146.113
224020.5584	4135081.547
223947.7837	4135109.399
223880.5949	4135215.095
223886.9937	4135304.137
223928.5286	4135435.592
223869.7937	4135665.608
223737.2904	4135925.291
223712.0614	4136029.716
223952.4968	4136068.245
223953.1652	4136228.501
223852.695	4136339.519
223700.0751	4136328.217
223569.1548	4136315.422
223315.3631	4136243.334
223177.6546	4136116.618
223015.2278	4136289.384
222876.3955	4136506.945
222704.9591	4136739.594
222678.8688	4136857.724
223016.5901	4137041.388
222773.9464	4137388.435
223038.9465	4137604.185
223307.5929	4137678.327
223194.8431	4137996.837
223024.3147	4138105.963
222914.9731	4137934.631
222677.7192	4137631.934
222604.4145	4137495.757
222531.2975	4137574.098
222325.3892	4137786.005
222171.9934	4137710.623
222107.654	4137400.977
222088.0483	4137273.025
221917.242	4137232.349
221668.991	4137283.952
221517.8784	4137381.681
221335.0821	4137482.136
221274.2729	4137519.285
221090.3327	4137609.225
220969.5369	4137705.399
220818.1313	4137825.827
220770.3067	4137916.791
220600.0375	4138094.098
220522.3597	4138231.856
220597.539	4138457.768
220599.8092	4138501.82
220672.5658	4138673.903
220517.7857	4138774.999
220331.8927	4138901.038
220133.2071	4138994.719
219849.9239	4139267.864
219458.0169	4139506.093
219768.6173	4139879.166
219849.4208	4140039.523
220039.503	4140002.477
220127.7861	4140073.662
220111.4192	4140186.477
220011.1367	4140339.895
219907.821	4140426.5
219881.7393	4140574.989
220011.3776	4140598.768
220103.6691	4140750.072
220110.4889	4140908.685
220077.228	4141139.558
220080.6183	4141219.588
220266.3441	4141262.611
220465.2927	4141350.881
220656.2242	4141486.108
220640.9142	4141614.67
220555.3204	4141644.543
220360.8418	4141671.057
220199.7982	4141718.354
220022.2419	4141895.036
219867.0383	4142105.766
219808.5155	4142286.579
219809.3899	4142310.003
219947.9976	4142488.319
220165.5058	4142697.006
220474.4445	4142709.005
220927.606	4142733.757
221044.6181	4142919.813
221354.9895	4142945.912
221725.1487	4143009.378
221757.7082	4143006.849
222078.8896	4143048.842
222087.0303	4143048.238
222415.9865	4143073.424
222686.0403	4143069.233
222712.3588	4143092.479
222929.6828	4143143.289
223216.0042	4143129.571
223460.9959	4143110.674
223501.7842	4143107.545
223856.1914	4143114.16
224080.5864	4143215.561
224321.5613	4143230.945
224370.7517	4143227.099
224644.1011	4143231.753
224906.1945	4143279.803
224930.8782	4143277.879
225226.4726	4143255.144
225567.3276	4143262.832
225803.1888	4143287.54
225819.6469	4143286.333
225868.9254	4143282.492
226140.6499	4143321.705
226406.6328	4143318.434
226570.8478	4143357.515
226898.7305	4143427.257
227222.3002	4143462.92
227477.8172	4143538.716
227738.5282	4143640.692
227995.9162	4143717.109
228173.9984	4143817.677
228434.4185	4143903.122
228642.533	4144109.423
228864.1953	4144334.517
228972.8592	4144551.169
229103.4448	4144741.213
229152.0083	4144994.383
229177.9865	4145130.916
229155.7161	4145313.584
229171.7084	4145448.441
229255.849	4145390.805
229366.2929	4145280.189
229395.1573	4145380.062
229367.6109	4145493.102
229246.4606	4145519.594
229142.6585	4145553.305
229109.755	4145555.818
228979.0281	4145574.067
228943.8855	4145483.068
228915.4513	4145451.203
228860.5477	4145404.305
228770.5078	4145487.701
228706.7723	4145586.47
228735.5117	4145695.904
228812.9035	4145793.642
228915.6378	4145967.36
229022.4784	4146098.377
229067.7144	4146199.94
229105.2638	4146381.556
229181.9567	4146463.537
229286.9248	4146569.942
229236.3726	4146637.715
229146.701	4146751.216
228930.7505	4146792.686
228803.0632	4146819.288
228830.1387	4146842.193
228889.008	4146929.53
228986.4622	4146922.028
229059.5096	4146916.432
229100.0981	4146913.224
229244.324	4146885.423
229252.4573	4146884.715
229359.9141	4146893.12
229465.839	4146892.574
229538.4257	4146886.441
229695.3338	4146891.581
229736.1989	4146888.701
229826.151	4146882.23
229964.2865	4146871.644
230069.871	4146863.337
230131.265	4146892.137
230121.9799	4147128.51
230071.5363	4147183.269
229982.289	4147257.958
229911.3287	4147221.132
229869.4021	4147215.821
229809.6892	4147203.307
229712.3203	4147218.799
229669.3986	4147333.225
229688.5121	4147485.319
229823.7587	4147440.591
229955.254	4147430.553
230031.4112	4147441.758
230069.5722	4147541.665
230289.3717	4147567.675
230513.0161	4147559.111
230529.5506	4147557.799
230778.0428	4147547.329
230817.2735	4147587.297
230841.9441	4147585.389
231046.9039	4147560.994
231149.8706	4147579.013
231369.9351	4147544.692
231624.3264	4147516.496
231810.0566	4147528.081
231843.1292	4147525.573
231896.8017	4147298.005
231950.0358	4147012.546
232071.6682	4146935.395
232249.9392	4146913.111
232612.825	4146969.6
232637.3203	4146967.704
232892.9401	4147016.086
233120.3255	4147041.038
233308.1422	4147128.834
233627.187	4147198.327
233857.5886	4147231.983
234084.1629	4147240.205
234286.9295	4147397.119
234516.933	4147465.925
234839.4661	4147623.707
235042.5258	4147765.513
235232.5496	4147918.518
235414.6291	4148072.779
235550.7012	4148249.397
235624.8055	4148450.876
235696.7019	4148644.312
235559.3324	4148862.389
235479.7094	4148841.687
235346.262	4148870.373
235378.3229	4148986.941
235509.0551	4149068.257
235668.5823	4149037.635
235742.1768	4149069.532
235770.55	4149215.336
235785.3913	4149325.671
236034.0806	4149306.678
236289.2781	4149333.719
236435.2369	4149322.545
236658.372	4149305.379
236787.0921	4149295.534
236794.7195	4149062.792
236885.9287	4148981.894
237077.5724	4148994.407
237128.6686	4148990.351
237197.1002	4148985.192
237359.1504	4148972.639
237429.7455	4148977.083
237638.0041	4148979.75
237890.6643	4148988.138
238027.3282	4149025.074
238211.046	4149064.756
238211.4636	4149072.412
238388.9593	4149066.394
238527.0683	4149047.836
238737.4067	4149066.135
238931.5739	4149128.399
239117.2906	4149121.806
239363.8585	4149145.433
239460.7363	4149188.525
239579.7566	4149214.256
239787.2836	4149182.547
239810.8311	4149184.59
239989.3612	4149217.583
240185.4255	4149304.266
240362.818	4149317.964
240544.4509	4149402.437
240556.1194	4149401.518
240695.4116	4149418.299
240710.9718	4149417.148
240842.9615	4149438.492
241054.3243	4149504.715
241252.7859	4149580.789
241414.0073	4149636.241
241548.2745	4149694.088
241712.3555	4149761.904
241822.952	4149842.382
241956.1031	4149913.049
242061.3771	4149982.026
242172.0366	4150030.389
242260.3254	4150088.891
242302.8095	4150247.829
242384.3254	4150353.884
242428.0614	4150467.442
242462.4034	4150566.621
242494.0241	4150678.109
242484.6268	4150769.639
242434.9306	4150852.968
242396.3425	4150931.62
242376.2932	4150965.135
242382.0434	4151056.53
242392.3495	4151152.007
242383.1433	4151249.643
242388.3509	4151297.713
242401.9099	4151349.415
242453.441	4151385.717
242512.2654	4151377.12
242595.2564	4151370.776
242619.1223	4151369.038
242734.6172	4151368.137
242833.1003	4151392.99
242852.8982	4151391.489
242948.775	4151392.197
243043.8155	4151417.492
243151.1753	4151445.853
243257.0072	4151462.038
243431.2914	4151506.12
243525.5243	4151548.448
243598.811	4151560.75
243758.5252	4151606.51
243871.7661	4151647.701
243937.9824	4151712.454
244061.5075	4151707.879
244064.1591	4151707.686
244198.6904	4151784.567
244278.1124	4151829.469
244341.4605	4151875.977
244349.6774	4151875.28
244387.4063	4151889.458
244392.975	4151889.064
244471.6245	4151894.43
244602.1112	4151920.543
244720.5507	4151946.694
244969.1011	4152035.983
245242.144	4152207.987
245399.603	4152282.184
245441.7576	4152279.006
245483.9088	4152275.717
245718.9553	4152329.545
245827.8621	4152400.676
246035.9207	4152464.338
246273.5176	4152532.439
246373.4472	4152538.84
246595.533	4152571.861
246802.8281	4152733.134
247067.7311	4152866.769
247090.4022	4152887.083
247260.6216	4152977.149
247414.6281	4153032.15
247572.5153	4153139.265
247617.4224	4153165.685
247765.7812	4153227.42
247972.2824	4153293.619
248121.124	4153447.579
248277.8411	4153510.736
248416.5368	4153613.557
248573.4693	4153669.378
248789.5335	4153818.318
248947.0142	4153951.25
249009.8681	4154000.471
249205.2855	4154061.366
249275.266	4154156.158
249407.9046	4154349.743
249421.9515	4154348.653
249642.3818	4154455.476
249813.1604	4154654.586
249958.3455	4154783.126
250139.9025	4155043.814
250390.4537	4155287.877
250669.5138	4155532.425
250870.5969	4155810.765
251122.5712	4155958.904
251331.0888	4156104.794
251533.9267	4156377.872
251893.1645	4156603.17
252017.886	4156792.803
252198.0042	4156996.898
252334.3567	4157113.847
252524.4134	4157227.087
252627.3956	4157365.147
252686.1246	4157598.645
253011.0288	4157794.337
253261.7246	4157959.462
253459.3536	4158129.169
253846.1329	4158377.393
254154.2436	4158725.413
254371.8421	4158895.326
254657.9309	4159191.231
254846.7566	4159589.356
255022.2979	4159858.643
255161.6002	4159961.544
255246.476	4160079.274
255550.4111	4160385.679
255731.9616	4160656.024
256100.7703	4160973.539
256316.9891	4161328.882
256574.3037	4161466.232
256744.8502	4161586.352
256828.7004	4161751.906
257175.1924	4161911.44
257218.535	4161908.283
257627.9135	4161934.765
258019.3906	4162263.695
258435.534	4162520.364
258754.0269	4162814.447
258990.5291	4162999.694
259280.6871	4163123.277
259374.843	4163188.993
259775.894	4163538.497
260118.7409	4163879.59
260217.8798	4163989.727
260299.7596	4164071.919
260333.5086	4164113.612
260528.8856	4164439.092
260732.3831	4164691.005
260928.9851	4164869.785
261118.9186	4165124.319
261190.3847	4165238.598
261375.0878	4165434.841
261464.8997	4165578.483
261726.6558	4166071.969
261367.3664	4166220.087
261094.073	4166483.414
260916.8057	4166663.976
260682.658	4167185.866
260513.2373	4167459.661
260797.7887	4168041.131
260831.4544	4168380.506
260915.3769	4168764.654
260987.1738	4169025.925
261826.1994	4169011.195
262239.1454	4169012.218
262365.5611	4168908.586
262488.9466	4169198.387
262791.5009	4169856.619
262831.6028	4170219.924
262337.3987	4170208.876
261630.853	4170228.97
261426.556	4170339.748
261491.4991	4170845.452
261525.3948	4171175.377
262029.596	4171259.309
262279.4306	4171347.131
262786.5761	4171309.576
263142.5113	4171267.713
263228.489	4171230.918
263459.8709	4171152.854
263575.7923	4171372.324
263890.7351	4171745.56
263868.808	4171946.19
263651.168	4172284.967
263539.8154	4172632.824
263322.6046	4172865.042
263068.6699	4173039.095
262822.763	4173150.814
262566.2407	4173590.967
262183.4781	4174010.983
261868.4478	4174364.843
261515.7857	4174359.342
260802.4308	4174507.515
260366.2596	4174555.373
260323.7254	4173938.238
260211.315	4173869.383
259982.1113	4174009.93
259517.3524	4174059.771
259365.3975	4174225.759
259237.5013	4174498.834
259099.9517	4174664.63
258481.2419	4174710.132
258051.8749	4174462.002
257812.8914	4174309.321
257568.6614	4174080.461
257449.6926	4173704.586
257195.7956	4173938.612
256927.9499	4173989.153
256511.0764	4174066.315
256168.3493	4174354.109
255963.1222	4174679.085
255714.986	4174821.761
255250.2083	4175134.876
254801.3413	4175247.858
254598.6939	4175419.225
254520.2399	4175644.358
254535.2085	4175910.388
254604.6474	4176062.787
254810.1243	4176189.702
254840.8261	4176456.487
255019.348	4176633.767
255567.9479	4176593.068
256261.1421	4176652.26
256514.3833	4176653.09
258277.6777	4176601.11
260040.9721	4176549.88
261806.2657	4176498.651
264451.2073	4176422.93
267128.1361	4177457.766
268009.7833	4177432.776
268923.4177	4178517.841
270716.7001	4179578.417
272509.9825	4180639.492
273421.6177	4181724.808
274333.2529	4182810.623
276126.5353	4183872.198
277857.8425	4182714.661
279621.1369	4182667.43
283145.7265	4182573.967
284055.3625	4183660.532
285818.6569	4183614.55
287607.9409	4184678.874
288489.588	4184656.133
288517.5769	4185765.939
290306.8609	4186830.512
291188.5081	4186808.021
292068.1561	4186785.78
292949.8033	4186763.539
295618.7353	4187807.371
297408.0192	4188873.444
298341.6457	4191071.315
299223.2929	4191049.823
301010.5777	4192116.646
336436.4017	4289029.863