Modularity£º 0.51
Total number of provinves: 5
x of grid center     y of grid center    province label
     35000              4275000                5          
     35000              4285000                5          
     35000              4295000                5          
     35000              4305000                5          
     35000              4315000                5          
     45000              4255000                5          
     45000              4265000                5          
     45000              4275000                5          
     45000              4285000                5          
     45000              4295000                5          
     45000              4305000                5          
     45000              4315000                5          
     55000              4255000                5          
     55000              4265000                5          
     55000              4275000                5          
     55000              4285000                5          
     55000              4295000                5          
     55000              4305000                5          
     55000              4315000                5          
     55000              4335000                5          
     55000              4345000                5          
     65000              4245000                5          
     65000              4255000                5          
     65000              4265000                5          
     65000              4275000                5          
     65000              4285000                5          
     65000              4295000                5          
     65000              4305000                5          
     65000              4315000                5          
     65000              4325000                5          
     65000              4335000                5          
     65000              4345000                5          
     75000              4235000                5          
     75000              4245000                5          
     75000              4255000                5          
     75000              4265000                5          
     75000              4275000                5          
     75000              4285000                5          
     75000              4295000                5          
     75000              4305000                5          
     75000              4315000                5          
     75000              4325000                5          
     75000              4335000                5          
     75000              4345000                5          
     85000              4235000                5          
     85000              4245000                5          
     85000              4255000                5          
     85000              4265000                5          
     85000              4275000                5          
     85000              4285000                5          
     85000              4295000                5          
     85000              4305000                5          
     85000              4315000                5          
     85000              4325000                5          
     85000              4335000                5          
     95000              4235000                5          
     95000              4245000                5          
     95000              4255000                5          
     95000              4265000                5          
     95000              4275000                5          
     95000              4285000                5          
     95000              4295000                5          
     95000              4305000                5          
     95000              4315000                5          
     95000              4325000                5          
     105000             4235000                4          
     105000             4245000                5          
     105000             4255000                5          
     105000             4265000                5          
     105000             4275000                5          
     105000             4285000                1          
     105000             4295000                1          
     105000             4305000                5          
     105000             4315000                1          
     115000             4235000                4          
     115000             4245000                5          
     115000             4255000                5          
     115000             4265000                5          
     115000             4275000                1          
     115000             4285000                1          
     115000             4295000                1          
     115000             4305000                1          
     115000             4315000                1          
     115000             4335000                1          
     125000             4235000                4          
     125000             4245000                4          
     125000             4255000                1          
     125000             4265000                1          
     125000             4275000                1          
     125000             4285000                1          
     125000             4295000                1          
     125000             4305000                1          
     125000             4315000                1          
     125000             4325000                1          
     125000             4335000                1          
     135000             4235000                4          
     135000             4245000                4          
     135000             4255000                1          
     135000             4265000                1          
     135000             4275000                1          
     135000             4285000                3          
     135000             4295000                3          
     135000             4305000                3          
     135000             4315000                3          
     135000             4325000                1          
     135000             4335000                1          
     145000             4135000                4          
     145000             4145000                4          
     145000             4155000                4          
     145000             4165000                4          
     155000             4135000                4          
     155000             4145000                4          
     155000             4155000                4          
     155000             4165000                4          
     155000             4175000                4          
     165000             4125000                4          
     165000             4135000                4          
     165000             4145000                4          
     165000             4155000                4          
     165000             4165000                4          
     165000             4175000                4          
     175000             4115000                4          
     175000             4125000                4          
     175000             4135000                4          
     175000             4145000                4          
     175000             4155000                4          
     175000             4165000                4          
     175000             4175000                4          
     185000             4125000                4          
     185000             4135000                4          
     185000             4145000                4          
     185000             4155000                4          
     185000             4165000                4          
     185000             4175000                4          
     195000             4115000                4          
     195000             4125000                4          
     195000             4135000                4          
     195000             4145000                4          
     195000             4155000                4          
     195000             4165000                4          
     195000             4175000                4          
     205000             4125000                4          
     205000             4135000                4          
     205000             4145000                4          
     205000             4155000                4          
     205000             4165000                4          
     205000             4175000                4          
     215000             4125000                4          
     215000             4135000                4          
     215000             4145000                4          
     215000             4155000                4          
     215000             4165000                4          
     215000             4175000                4          
     225000             4135000                4          
     225000             4145000                4          
     225000             4155000                4          
     225000             4165000                4          
     225000             4175000                4          
     235000             4155000                4          
     235000             4165000                4          
     235000             4175000                4          
     245000             4155000                4          
     245000             4165000                4          
     245000             4175000                4          
     255000             4165000                4          
     255000             4175000                4          
     265000             4445000                1          
     275000             4445000                1          
     285000             4445000                1          
     285000             4455000                1          
     295000             4445000                1          
     295000             4455000                1          
     295000             4465000                1          
     305000             4445000                1          
     305000             4455000                1          
     305000             4465000                1          
     305000             4475000                1          
     305000             4485000                1          
     315000             4445000                1          
     315000             4455000                1          
     315000             4465000                1          
     315000             4475000                1          
     315000             4485000                1          
     315000             4495000                1          
     325000             4445000                1          
     325000             4455000                1          
     325000             4465000                1          
     325000             4475000                1          
     325000             4485000                1          
     325000             4495000                1          
     325000             4505000                1          
     335000             4445000                1          
     335000             4455000                1          
     335000             4465000                1          
     335000             4475000                1          
     335000             4485000                1          
     335000             4495000                1          
     335000             4505000                1          
     335000             4515000                1          
     345000             4445000                1          
     345000             4455000                1          
     345000             4465000                1          
     345000             4475000                1          
     345000             4485000                1          
     345000             4495000                1          
     345000             4505000                1          
     345000             4515000                1          
     345000             4525000                1          
     355000             4445000                1          
     355000             4455000                1          
     355000             4465000                1          
     355000             4475000                1          
     355000             4485000                1          
     355000             4495000                1          
     355000             4505000                1          
     355000             4515000                1          
     355000             4525000                1          
     365000             4445000                1          
     365000             4455000                1          
     365000             4465000                1          
     365000             4475000                1          
     365000             4485000                1          
     365000             4495000                1          
     365000             4505000                1          
     365000             4515000                1          
     365000             4525000                1          
     375000             4445000                1          
     375000             4455000                1          
     375000             4465000                1          
     375000             4475000                1          
     375000             4485000                1          
     375000             4495000                1          
     375000             4505000                1          
     375000             4515000                1          
     385000             4445000                1          
     385000             4455000                1          
     385000             4465000                1          
     385000             4475000                1          
     385000             4485000                1          
     385000             4495000                1          
     385000             4505000                1          
     385000             4515000                1          
     395000             4445000                1          
     395000             4455000                1          
     395000             4465000                1          
     395000             4475000                1          
     395000             4485000                1          
     395000             4495000                1          
     395000             4505000                1          
     395000             4515000                1          
     405000             4445000                1          
     405000             4455000                1          
     405000             4465000                1          
     405000             4475000                1          
     405000             4485000                1          
     405000             4495000                1          
     405000             4505000                1          
     405000             4515000                1          
     415000             4455000                1          
     415000             4465000                1          
     415000             4475000                1          
     415000             4485000                1          
     415000             4495000                1          
     415000             4505000                1          
     425000             4465000                1          
     425000             4475000                1          
     425000             4485000                1          
     425000             4495000                1          
     425000             4505000                1          
     435000             4485000                1          
     145000             4235000                4          
     145000             4245000                4          
     145000             4255000                1          
     145000             4265000                3          
     145000             4275000                3          
     145000             4285000                3          
     145000             4295000                3          
     145000             4305000                3          
     145000             4315000                3          
     145000             4325000                3          
     145000             4335000                1          
     155000             4215000                4          
     155000             4225000                4          
     155000             4235000                4          
     155000             4245000                1          
     155000             4255000                1          
     155000             4265000                3          
     155000             4275000                3          
     155000             4285000                3          
     155000             4295000                3          
     155000             4305000                3          
     155000             4315000                3          
     155000             4325000                3          
     155000             4335000                3          
     155000             4345000                1          
     165000             4195000                4          
     165000             4205000                4          
     165000             4215000                4          
     165000             4225000                4          
     165000             4235000                1          
     165000             4245000                1          
     165000             4255000                3          
     165000             4265000                3          
     165000             4275000                3          
     165000             4285000                3          
     165000             4295000                3          
     165000             4305000                3          
     165000             4315000                3          
     165000             4325000                3          
     165000             4335000                3          
     165000             4345000                1          
     165000             4355000                1          
     175000             4185000                4          
     175000             4195000                4          
     175000             4205000                4          
     175000             4215000                4          
     175000             4225000                4          
     175000             4235000                1          
     175000             4245000                1          
     175000             4255000                3          
     175000             4265000                3          
     175000             4275000                3          
     175000             4285000                3          
     175000             4295000                3          
     175000             4305000                3          
     175000             4315000                3          
     175000             4325000                3          
     175000             4335000                3          
     175000             4345000                3          
     175000             4355000                1          
     185000             4185000                4          
     185000             4195000                4          
     185000             4205000                4          
     185000             4215000                4          
     185000             4225000                4          
     185000             4235000                1          
     185000             4245000                1          
     185000             4255000                3          
     185000             4265000                3          
     185000             4275000                3          
     185000             4285000                3          
     185000             4295000                3          
     185000             4305000                3          
     185000             4315000                3          
     185000             4325000                3          
     185000             4335000                3          
     185000             4345000                3          
     185000             4355000                1          
     185000             4365000                1          
     185000             4375000                1          
     185000             4385000                1          
     185000             4395000                1          
     195000             4185000                4          
     195000             4195000                4          
     195000             4205000                4          
     195000             4215000                4          
     195000             4225000                1          
     195000             4235000                1          
     195000             4245000                3          
     195000             4255000                3          
     195000             4265000                3          
     195000             4275000                3          
     195000             4285000                3          
     195000             4295000                3          
     195000             4305000                3          
     195000             4315000                3          
     195000             4325000                3          
     195000             4335000                3          
     195000             4345000                3          
     195000             4355000                1          
     195000             4365000                1          
     195000             4375000                1          
     195000             4385000                1          
     195000             4395000                1          
     195000             4405000                1          
     205000             4185000                4          
     205000             4195000                4          
     205000             4205000                4          
     205000             4215000                1          
     205000             4225000                1          
     205000             4235000                1          
     205000             4245000                3          
     205000             4255000                3          
     205000             4265000                3          
     205000             4275000                3          
     205000             4285000                3          
     205000             4295000                3          
     205000             4305000                3          
     205000             4315000                3          
     205000             4325000                3          
     205000             4335000                3          
     205000             4345000                3          
     205000             4355000                1          
     205000             4365000                1          
     205000             4375000                1          
     205000             4385000                1          
     205000             4395000                1          
     205000             4405000                1          
     205000             4415000                1          
     205000             4425000                1          
     215000             4185000                4          
     215000             4195000                4          
     215000             4205000                1          
     215000             4215000                1          
     215000             4225000                1          
     215000             4235000                3          
     215000             4245000                3          
     215000             4255000                3          
     215000             4265000                3          
     215000             4275000                3          
     215000             4285000                3          
     215000             4295000                3          
     215000             4305000                3          
     215000             4315000                3          
     215000             4325000                3          
     215000             4335000                3          
     215000             4345000                3          
     215000             4355000                3          
     215000             4365000                1          
     215000             4375000                1          
     215000             4385000                1          
     215000             4395000                1          
     215000             4405000                1          
     215000             4415000                1          
     215000             4425000                1          
     225000             4185000                4          
     225000             4195000                1          
     225000             4205000                1          
     225000             4215000                1          
     225000             4225000                3          
     225000             4235000                3          
     225000             4245000                3          
     225000             4255000                3          
     225000             4265000                3          
     225000             4275000                3          
     225000             4285000                3          
     225000             4295000                3          
     225000             4305000                3          
     225000             4315000                3          
     225000             4325000                3          
     225000             4335000                3          
     225000             4345000                3          
     225000             4355000                3          
     225000             4365000                3          
     225000             4375000                1          
     225000             4385000                1          
     225000             4395000                1          
     225000             4405000                1          
     225000             4415000                1          
     225000             4425000                1          
     235000             4185000                4          
     235000             4195000                1          
     235000             4205000                1          
     235000             4215000                3          
     235000             4225000                3          
     235000             4235000                3          
     235000             4245000                3          
     235000             4255000                3          
     235000             4265000                3          
     235000             4275000                3          
     235000             4285000                2          
     235000             4295000                3          
     235000             4305000                3          
     235000             4315000                3          
     235000             4325000                3          
     235000             4335000                3          
     235000             4345000                2          
     235000             4355000                3          
     235000             4365000                3          
     235000             4375000                3          
     235000             4385000                1          
     235000             4395000                1          
     235000             4405000                1          
     235000             4415000                1          
     235000             4425000                1          
     245000             4185000                4          
     245000             4195000                1          
     245000             4205000                1          
     245000             4215000                3          
     245000             4225000                3          
     245000             4235000                3          
     245000             4245000                3          
     245000             4255000                2          
     245000             4265000                2          
     245000             4275000                2          
     245000             4285000                2          
     245000             4295000                2          
     245000             4305000                3          
     245000             4315000                3          
     245000             4325000                3          
     245000             4335000                3          
     245000             4345000                2          
     245000             4355000                2          
     245000             4365000                2          
     245000             4375000                3          
     245000             4385000                3          
     245000             4395000                3          
     245000             4405000                1          
     245000             4415000                1          
     245000             4425000                1          
     245000             4435000                1          
     255000             4185000                4          
     255000             4195000                4          
     255000             4205000                4          
     255000             4215000                3          
     255000             4225000                3          
     255000             4235000                3          
     255000             4245000                3          
     255000             4255000                2          
     255000             4265000                2          
     255000             4275000                2          
     255000             4285000                2          
     255000             4295000                2          
     255000             4305000                2          
     255000             4315000                3          
     255000             4325000                3          
     255000             4335000                2          
     255000             4345000                2          
     255000             4355000                2          
     255000             4365000                2          
     255000             4375000                2          
     255000             4385000                3          
     255000             4395000                3          
     255000             4405000                3          
     255000             4415000                1          
     255000             4425000                1          
     255000             4435000                1          
     265000             4185000                4          
     265000             4195000                4          
     265000             4205000                4          
     265000             4215000                3          
     265000             4225000                3          
     265000             4235000                3          
     265000             4245000                2          
     265000             4255000                2          
     265000             4265000                2          
     265000             4275000                2          
     265000             4285000                2          
     265000             4295000                2          
     265000             4305000                2          
     265000             4315000                2          
     265000             4325000                2          
     265000             4335000                2          
     265000             4345000                2          
     265000             4355000                2          
     265000             4365000                2          
     265000             4375000                2          
     265000             4385000                2          
     265000             4395000                3          
     265000             4405000                3          
     265000             4415000                1          
     265000             4425000                1          
     265000             4435000                1          
     275000             4185000                4          
     275000             4195000                4          
     275000             4205000                4          
     275000             4215000                4          
     275000             4225000                3          
     275000             4235000                3          
     275000             4245000                2          
     275000             4255000                2          
     275000             4265000                2          
     275000             4275000                2          
     275000             4285000                2          
     275000             4295000                2          
     275000             4305000                2          
     275000             4315000                2          
     275000             4325000                2          
     275000             4335000                2          
     275000             4345000                2          
     275000             4355000                2          
     275000             4365000                2          
     275000             4375000                2          
     275000             4385000                2          
     275000             4395000                2          
     275000             4405000                3          
     275000             4415000                3          
     275000             4425000                1          
     275000             4435000                1          
     285000             4185000                4          
     285000             4195000                4          
     285000             4205000                4          
     285000             4215000                4          
     285000             4225000                3          
     285000             4235000                2          
     285000             4245000                2          
     285000             4255000                2          
     285000             4265000                2          
     285000             4275000                2          
     285000             4285000                2          
     285000             4295000                2          
     285000             4305000                2          
     285000             4315000                2          
     285000             4325000                2          
     285000             4335000                2          
     285000             4345000                2          
     285000             4355000                2          
     285000             4365000                2          
     285000             4375000                2          
     285000             4385000                2          
     285000             4395000                2          
     285000             4405000                2          
     285000             4415000                3          
     285000             4425000                3          
     285000             4435000                1          
     295000             4195000                4          
     295000             4205000                4          
     295000             4215000                4          
     295000             4225000                2          
     295000             4235000                2          
     295000             4245000                2          
     295000             4255000                2          
     295000             4265000                2          
     295000             4275000                2          
     295000             4285000                2          
     295000             4295000                2          
     295000             4305000                2          
     295000             4315000                2          
     295000             4325000                2          
     295000             4335000                2          
     295000             4345000                2          
     295000             4355000                2          
     295000             4365000                2          
     295000             4375000                2          
     295000             4385000                2          
     295000             4395000                2          
     295000             4405000                2          
     295000             4415000                2          
     295000             4425000                3          
     295000             4435000                3          
     305000             4205000                4          
     305000             4215000                4          
     305000             4225000                2          
     305000             4235000                2          
     305000             4245000                2          
     305000             4255000                2          
     305000             4265000                2          
     305000             4275000                2          
     305000             4285000                2          
     305000             4295000                2          
     305000             4305000                2          
     305000             4315000                2          
     305000             4325000                2          
     305000             4335000                2          
     305000             4345000                2          
     305000             4355000                2          
     305000             4365000                2          
     305000             4375000                2          
     305000             4385000                2          
     305000             4395000                2          
     305000             4405000                2          
     305000             4415000                2          
     305000             4425000                3          
     305000             4435000                3          
     315000             4235000                2          
     315000             4245000                2          
     315000             4255000                2          
     315000             4265000                2          
     315000             4275000                2          
     315000             4285000                2          
     315000             4295000                2          
     315000             4305000                2          
     315000             4315000                2          
     315000             4325000                2          
     315000             4335000                2          
     315000             4345000                2          
     315000             4355000                2          
     315000             4365000                2          
     315000             4375000                2          
     315000             4385000                2          
     315000             4395000                2          
     315000             4405000                2          
     315000             4415000                2          
     315000             4425000                3          
     315000             4435000                3          
     325000             4265000                2          
     325000             4275000                2          
     325000             4285000                2          
     325000             4295000                2          
     325000             4305000                2          
     325000             4315000                2          
     325000             4325000                2          
     325000             4335000                2          
     325000             4345000                2          
     325000             4355000                2          
     325000             4365000                2          
     325000             4375000                2          
     325000             4385000                2          
     325000             4395000                2          
     325000             4405000                2          
     325000             4415000                2          
     325000             4425000                3          
     325000             4435000                3          
     335000             4305000                2          
     335000             4315000                2          
     335000             4325000                2          
     335000             4335000                2          
     335000             4345000                2          
     335000             4355000                2          
     335000             4365000                2          
     335000             4375000                2          
     335000             4385000                2          
     335000             4395000                2          
     335000             4405000                2          
     335000             4415000                2          
     335000             4425000                3          
     335000             4435000                3          
     345000             4315000                2          
     345000             4325000                2          
     345000             4335000                2          
     345000             4345000                2          
     345000             4355000                2          
     345000             4365000                2          
     345000             4375000                2          
     345000             4385000                2          
     345000             4395000                2          
     345000             4405000                2          
     345000             4415000                3          
     345000             4425000                3          
     345000             4435000                1          
     355000             4325000                2          
     355000             4335000                2          
     355000             4345000                2          
     355000             4355000                2          
     355000             4375000                2          
     355000             4395000                2          
     355000             4405000                2          
     355000             4415000                1          
     355000             4425000                1          
     355000             4435000                1          
     365000             4325000                2          
     365000             4335000                2          
     365000             4345000                2          
     365000             4355000                2          
     365000             4395000                2          
     365000             4405000                2          
     365000             4415000                1          
     365000             4425000                1          
     365000             4435000                1          
     375000             4335000                2          
     375000             4345000                2          
     375000             4355000                2          
     375000             4425000                1          
     375000             4435000                1          
     385000             4355000                2          
     385000             4425000                1          
     385000             4435000                1          
     395000             4425000                1          
     395000             4435000                1          